240
0.0 -0.1 0.01     1.0 1.0 1.0 1.0     0.18181900680065155 1.0
0.0 -0.1 0.01     1.0 1.0 1.0 1.0     0.3636370003223419 1.0
0.0 -0.1 0.01     1.0 1.0 1.0 1.0     0.5454549789428711 1.0
0.0 -0.1 0.01     1.0 1.0 1.0 1.0     0.7272729873657227 1.0
0.0 -0.1 0.01     1.0 1.0 1.0 1.0     0.9090909957885742 1.0
0.07236073 -0.044721954 0.05257253     1.0 1.0 1.0 1.0     0.27272799611091614 0.8425390124320984
0.07236073 -0.044721954 0.05257253     1.0 1.0 1.0 1.0     0.27272799611091614 0.8425390124320984
0.07236073 -0.044721954 0.05257253     1.0 1.0 1.0 1.0     0.27272799611091614 0.8425390124320984
0.07236073 -0.044721954 0.05257253     1.0 1.0 1.0 1.0     0.27272799611091614 0.8425390124320984
0.07236073 -0.044721954 0.05257253     1.0 1.0 1.0 1.0     0.27272799611091614 0.8425390124320984
-0.027638802 -0.044721983 0.085064925     1.0 1.0 1.0 1.0     0.09091000258922577 0.8425390124320984
-0.027638802 -0.044721983 0.085064925     1.0 1.0 1.0 1.0     0.09091000258922577 0.8425390124320984
-0.027638802 -0.044721983 0.085064925     1.0 1.0 1.0 1.0     0.09091000258922577 0.8425390124320984
-0.027638802 -0.044721983 0.085064925     1.0 1.0 1.0 1.0     1.0 0.8425390124320984
-0.027638802 -0.044721983 0.085064925     1.0 1.0 1.0 1.0     1.0 0.8425390124320984
-0.089442626 -0.044721562 -0.0     1.0 1.0 1.0 1.0     0.8181819915771484 0.8425390124320984
-0.089442626 -0.044721562 -0.0     1.0 1.0 1.0 1.0     0.8181819915771484 0.8425390124320984
-0.089442626 -0.044721562 -0.0     1.0 1.0 1.0 1.0     0.8181819915771484 0.8425390124320984
-0.089442626 -0.044721562 -0.0     1.0 1.0 1.0 1.0     0.8181819915771484 0.8425390124320984
-0.089442626 -0.044721562 -0.0     1.0 1.0 1.0 1.0     0.8181819915771484 0.8425390124320984
-0.027638802 -0.044721983 -0.085064925     1.0 1.0 1.0 1.0     0.6363639831542969 0.8425390124320984
-0.027638802 -0.044721983 -0.085064925     1.0 1.0 1.0 1.0     0.6363639831542969 0.8425390124320984
-0.027638802 -0.044721983 -0.085064925     1.0 1.0 1.0 1.0     0.6363639831542969 0.8425390124320984
-0.027638802 -0.044721983 -0.085064925     1.0 1.0 1.0 1.0     0.6363639831542969 0.8425390124320984
-0.027638802 -0.044721983 -0.085064925     1.0 1.0 1.0 1.0     0.6363639831542969 0.8425390124320984
0.07236073 -0.044721954 -0.05257253     1.0 1.0 1.0 1.0     0.4545460045337677 0.8425390124320984
0.07236073 -0.044721954 -0.05257253     1.0 1.0 1.0 1.0     0.4545460045337677 0.8425390124320984
0.07236073 -0.044721954 -0.05257253     1.0 1.0 1.0 1.0     0.4545460045337677 0.8425390124320984
0.07236073 -0.044721954 -0.05257253     1.0 1.0 1.0 1.0     0.4545460045337677 0.8425390124320984
0.07236073 -0.044721954 -0.05257253     1.0 1.0 1.0 1.0     0.4545460045337677 0.8425390124320984
0.027638802 0.044721983 0.085064925     1.0 1.0 1.0 1.0     0.18181900680065155 0.6850789785385132
0.027638802 0.044721983 0.085064925     1.0 1.0 1.0 1.0     0.18181900680065155 0.6850789785385132
0.027638802 0.044721983 0.085064925     1.0 1.0 1.0 1.0     0.18181900680065155 0.6850789785385132
0.027638802 0.044721983 0.085064925     1.0 1.0 1.0 1.0     0.18181900680065155 0.6850789785385132
0.027638802 0.044721983 0.085064925     1.0 1.0 1.0 1.0     0.18181900680065155 0.6850789785385132
-0.07236073 0.044721954 0.05257253     1.0 1.0 1.0 1.0     0.0 0.6850789785385132
-0.07236073 0.044721954 0.05257253     1.0 1.0 1.0 1.0     0.0 0.6850789785385132
-0.07236073 0.044721954 0.05257253     1.0 1.0 1.0 1.0     0.9090909957885742 0.6850789785385132
-0.07236073 0.044721954 0.05257253     1.0 1.0 1.0 1.0     0.9090909957885742 0.6850789785385132
-0.07236073 0.044721954 0.05257253     1.0 1.0 1.0 1.0     0.9090909957885742 0.6850789785385132
-0.07236073 0.044721954 -0.05257253     1.0 1.0 1.0 1.0     0.7272729873657227 0.6850789785385132
-0.07236073 0.044721954 -0.05257253     1.0 1.0 1.0 1.0     0.7272729873657227 0.6850789785385132
-0.07236073 0.044721954 -0.05257253     1.0 1.0 1.0 1.0     0.7272729873657227 0.6850789785385132
-0.07236073 0.044721954 -0.05257253     1.0 1.0 1.0 1.0     0.7272729873657227 0.6850789785385132
-0.07236073 0.044721954 -0.05257253     1.0 1.0 1.0 1.0     0.7272729873657227 0.6850789785385132
0.027638802 0.044721983 -0.085064925     1.0 1.0 1.0 1.0     0.5454549789428711 0.6850789785385132
0.027638802 0.044721983 -0.085064925     1.0 1.0 1.0 1.0     0.5454549789428711 0.6850789785385132
0.027638802 0.044721983 -0.085064925     1.0 1.0 1.0 1.0     0.5454549789428711 0.6850789785385132
0.027638802 0.044721983 -0.085064925     1.0 1.0 1.0 1.0     0.5454549789428711 0.6850789785385132
0.027638802 0.044721983 -0.085064925     1.0 1.0 1.0 1.0     0.5454549789428711 0.6850789785385132
0.089442626 0.044721562 -0.0     1.0 1.0 1.0 1.0     0.3636370003223419 0.6850789785385132
0.089442626 0.044721562 -0.0     1.0 1.0 1.0 1.0     0.3636370003223419 0.6850789785385132
0.089442626 0.044721562 -0.0     1.0 1.0 1.0 1.0     0.3636370003223419 0.6850789785385132
0.089442626 0.044721562 -0.0     1.0 1.0 1.0 1.0     0.3636370003223419 0.6850789785385132
0.089442626 0.044721562 -0.0     1.0 1.0 1.0 1.0     0.3636370003223419 0.6850789785385132
0.0 0.1 -0.0     1.0 1.0 1.0 1.0     0.09091000258922577 0.5276179909706116
0.0 0.1 -0.0     1.0 1.0 1.0 1.0     0.27272799611091614 0.5276179909706116
0.0 0.1 -0.0     1.0 1.0 1.0 1.0     0.4545460045337677 0.5276179909706116
0.0 0.1 -0.0     1.0 1.0 1.0 1.0     0.6363639831542969 0.5276179909706116
0.0 0.1 -0.0     1.0 1.0 1.0 1.0     0.8181819915771484 0.5276179909706116
-0.016245555 -0.08506544 0.049999528     1.0 1.0 1.0 1.0     0.13636450469493866 0.9212694764137268
-0.016245555 -0.08506544 0.049999528     1.0 1.0 1.0 1.0     0.13636450469493866 0.9212694764137268
-0.016245555 -0.08506544 0.049999528     1.0 1.0 1.0 1.0     0.13636450469493866 0.9212694764137268
-0.016245555 -0.08506544 0.049999528     1.0 1.0 1.0 1.0     0.9545454978942871 0.9212694764137268
-0.016245555 -0.08506544 0.049999528     1.0 1.0 1.0 1.0     0.9545454978942871 0.9212694764137268
-0.016245555 -0.08506544 0.049999528     1.0 1.0 1.0 1.0     0.9545454978942871 0.9212694764137268
0.04253227 -0.08506542 0.03090114     1.0 1.0 1.0 1.0     0.22727349400520325 0.9212694764137268
0.04253227 -0.08506542 0.03090114     1.0 1.0 1.0 1.0     0.22727349400520325 0.9212694764137268
0.04253227 -0.08506542 0.03090114     1.0 1.0 1.0 1.0     0.22727349400520325 0.9212694764137268
0.04253227 -0.08506542 0.03090114     1.0 1.0 1.0 1.0     0.31818249821662903 0.9212694764137268
0.04253227 -0.08506542 0.03090114     1.0 1.0 1.0 1.0     0.31818249821662903 0.9212694764137268
0.04253227 -0.08506542 0.03090114     1.0 1.0 1.0 1.0     0.31818249821662903 0.9212694764137268
0.026286881 -0.052573763 0.08090116     1.0 1.0 1.0 1.0     0.18181899189949036 0.8425390124320984
0.026286881 -0.052573763 0.08090116     1.0 1.0 1.0 1.0     0.18181899189949036 0.8425390124320984
0.026286881 -0.052573763 0.08090116     1.0 1.0 1.0 1.0     0.18181899189949036 0.8425390124320984
0.026286881 -0.052573763 0.08090116     1.0 1.0 1.0 1.0     0.18181899189949036 0.8425390124320984
0.026286881 -0.052573763 0.08090116     1.0 1.0 1.0 1.0     0.18181899189949036 0.8425390124320984
0.026286881 -0.052573763 0.08090116     1.0 1.0 1.0 1.0     0.18181899189949036 0.8425390124320984
0.08506478 -0.05257359 -0.0     1.0 1.0 1.0 1.0     0.3636370003223419 0.8425390124320984
0.08506478 -0.05257359 -0.0     1.0 1.0 1.0 1.0     0.3636370003223419 0.8425390124320984
0.08506478 -0.05257359 -0.0     1.0 1.0 1.0 1.0     0.3636370003223419 0.8425390124320984
0.08506478 -0.05257359 -0.0     1.0 1.0 1.0 1.0     0.3636370003223419 0.8425390124320984
0.08506478 -0.05257359 -0.0     1.0 1.0 1.0 1.0     0.3636370003223419 0.8425390124320984
0.08506478 -0.05257359 -0.0     1.0 1.0 1.0 1.0     0.3636370003223419 0.8425390124320984
0.04253227 -0.08506542 -0.03090114     1.0 1.0 1.0 1.0     0.4090915024280548 0.9212694764137268
0.04253227 -0.08506542 -0.03090114     1.0 1.0 1.0 1.0     0.4090915024280548 0.9212694764137268
0.04253227 -0.08506542 -0.03090114     1.0 1.0 1.0 1.0     0.4090915024280548 0.9212694764137268
0.04253227 -0.08506542 -0.03090114     1.0 1.0 1.0 1.0     0.5000004768371582 0.9212694764137268
0.04253227 -0.08506542 -0.03090114     1.0 1.0 1.0 1.0     0.5000004768371582 0.9212694764137268
0.04253227 -0.08506542 -0.03090114     1.0 1.0 1.0 1.0     0.5000004768371582 0.9212694764137268
-0.052572977 -0.08506517 -0.0     1.0 1.0 1.0 1.0     0.7727274894714355 0.9212694764137268
-0.052572977 -0.08506517 -0.0     1.0 1.0 1.0 1.0     0.7727274894714355 0.9212694764137268
-0.052572977 -0.08506517 -0.0     1.0 1.0 1.0 1.0     0.7727274894714355 0.9212694764137268
-0.052572977 -0.08506517 -0.0     1.0 1.0 1.0 1.0     0.8636364936828613 0.9212694764137268
-0.052572977 -0.08506517 -0.0     1.0 1.0 1.0 1.0     0.8636364936828613 0.9212694764137268
-0.052572977 -0.08506517 -0.0     1.0 1.0 1.0 1.0     0.8636364936828613 0.9212694764137268
-0.06881894 -0.05257362 0.04999969     1.0 1.0 1.0 1.0     0.9090909957885742 0.8425390124320984
-0.06881894 -0.05257362 0.04999969     1.0 1.0 1.0 1.0     0.9090909957885742 0.8425390124320984
-0.06881894 -0.05257362 0.04999969     1.0 1.0 1.0 1.0     0.9090909957885742 0.8425390124320984
-0.06881894 -0.05257362 0.04999969     1.0 1.0 1.0 1.0     0.9090909957885742 0.8425390124320984
-0.06881894 -0.05257362 0.04999969     1.0 1.0 1.0 1.0     0.9090909957885742 0.8425390124320984
-0.06881894 -0.05257362 0.04999969     1.0 1.0 1.0 1.0     0.9090909957885742 0.8425390124320984
-0.016245555 -0.08506544 -0.049999528     1.0 1.0 1.0 1.0     0.590909481048584 0.9212694764137268
-0.016245555 -0.08506544 -0.049999528     1.0 1.0 1.0 1.0     0.590909481048584 0.9212694764137268
-0.016245555 -0.08506544 -0.049999528     1.0 1.0 1.0 1.0     0.590909481048584 0.9212694764137268
-0.016245555 -0.08506544 -0.049999528     1.0 1.0 1.0 1.0     0.6818184852600098 0.9212694764137268
-0.016245555 -0.08506544 -0.049999528     1.0 1.0 1.0 1.0     0.6818184852600098 0.9212694764137268
-0.016245555 -0.08506544 -0.049999528     1.0 1.0 1.0 1.0     0.6818184852600098 0.9212694764137268
-0.06881894 -0.05257362 -0.04999969     1.0 1.0 1.0 1.0     0.7272729873657227 0.8425390124320984
-0.06881894 -0.05257362 -0.04999969     1.0 1.0 1.0 1.0     0.7272729873657227 0.8425390124320984
-0.06881894 -0.05257362 -0.04999969     1.0 1.0 1.0 1.0     0.7272729873657227 0.8425390124320984
-0.06881894 -0.05257362 -0.04999969     1.0 1.0 1.0 1.0     0.7272729873657227 0.8425390124320984
-0.06881894 -0.05257362 -0.04999969     1.0 1.0 1.0 1.0     0.7272729873657227 0.8425390124320984
-0.06881894 -0.05257362 -0.04999969     1.0 1.0 1.0 1.0     0.7272729873657227 0.8425390124320984
0.026286881 -0.052573763 -0.08090116     1.0 1.0 1.0 1.0     0.5454549789428711 0.8425390124320984
0.026286881 -0.052573763 -0.08090116     1.0 1.0 1.0 1.0     0.5454549789428711 0.8425390124320984
0.026286881 -0.052573763 -0.08090116     1.0 1.0 1.0 1.0     0.5454549789428711 0.8425390124320984
0.026286881 -0.052573763 -0.08090116     1.0 1.0 1.0 1.0     0.5454549789428711 0.8425390124320984
0.026286881 -0.052573763 -0.08090116     1.0 1.0 1.0 1.0     0.5454549789428711 0.8425390124320984
0.026286881 -0.052573763 -0.08090116     1.0 1.0 1.0 1.0     0.5454549789428711 0.8425390124320984
0.09510578 0.0 0.030901263     1.0 1.0 1.0 1.0     0.31818249821662903 0.7638089656829834
0.09510578 0.0 0.030901263     1.0 1.0 1.0 1.0     0.31818249821662903 0.7638089656829834
0.09510578 0.0 0.030901263     1.0 1.0 1.0 1.0     0.31818249821662903 0.7638089656829834
0.09510578 0.0 0.030901263     1.0 1.0 1.0 1.0     0.31818249821662903 0.7638089656829834
0.09510578 0.0 0.030901263     1.0 1.0 1.0 1.0     0.31818249821662903 0.7638089656829834
0.09510578 0.0 0.030901263     1.0 1.0 1.0 1.0     0.31818249821662903 0.7638089656829834
0.09510578 0.0 -0.030901263     1.0 1.0 1.0 1.0     0.4090915024280548 0.7638089656829834
0.09510578 0.0 -0.030901263     1.0 1.0 1.0 1.0     0.4090915024280548 0.7638089656829834
0.09510578 0.0 -0.030901263     1.0 1.0 1.0 1.0     0.4090915024280548 0.7638089656829834
0.09510578 0.0 -0.030901263     1.0 1.0 1.0 1.0     0.4090915024280548 0.7638089656829834
0.09510578 0.0 -0.030901263     1.0 1.0 1.0 1.0     0.4090915024280548 0.7638089656829834
0.09510578 0.0 -0.030901263     1.0 1.0 1.0 1.0     0.4090915024280548 0.7638089656829834
0.0 0.0 0.099999994     1.0 1.0 1.0 1.0     0.13636450469493866 0.7638089656829834
0.0 0.0 0.099999994     1.0 1.0 1.0 1.0     0.13636450469493866 0.7638089656829834
0.0 0.0 0.099999994     1.0 1.0 1.0 1.0     0.13636450469493866 0.7638089656829834
0.0 0.0 0.099999994     1.0 1.0 1.0 1.0     0.13636450469493866 0.7638089656829834
0.0 0.0 0.099999994     1.0 1.0 1.0 1.0     0.13636450469493866 0.7638089656829834
0.0 0.0 0.099999994     1.0 1.0 1.0 1.0     0.13636450469493866 0.7638089656829834
0.05877856 0.0 0.08090167     1.0 1.0 1.0 1.0     0.22727349400520325 0.7638089656829834
0.05877856 0.0 0.08090167     1.0 1.0 1.0 1.0     0.22727349400520325 0.7638089656829834
0.05877856 0.0 0.08090167     1.0 1.0 1.0 1.0     0.22727349400520325 0.7638089656829834
0.05877856 0.0 0.08090167     1.0 1.0 1.0 1.0     0.22727349400520325 0.7638089656829834
0.05877856 0.0 0.08090167     1.0 1.0 1.0 1.0     0.22727349400520325 0.7638089656829834
0.05877856 0.0 0.08090167     1.0 1.0 1.0 1.0     0.22727349400520325 0.7638089656829834
-0.09510578 0.0 0.030901263     1.0 1.0 1.0 1.0     0.8636364936828613 0.7638089656829834
-0.09510578 0.0 0.030901263     1.0 1.0 1.0 1.0     0.8636364936828613 0.7638089656829834
-0.09510578 0.0 0.030901263     1.0 1.0 1.0 1.0     0.8636364936828613 0.7638089656829834
-0.09510578 0.0 0.030901263     1.0 1.0 1.0 1.0     0.8636364936828613 0.7638089656829834
-0.09510578 0.0 0.030901263     1.0 1.0 1.0 1.0     0.8636364936828613 0.7638089656829834
-0.09510578 0.0 0.030901263     1.0 1.0 1.0 1.0     0.8636364936828613 0.7638089656829834
-0.05877856 0.0 0.08090167     1.0 1.0 1.0 1.0     0.045455001294612885 0.7638089656829834
-0.05877856 0.0 0.08090167     1.0 1.0 1.0 1.0     0.045455001294612885 0.7638089656829834
-0.05877856 0.0 0.08090167     1.0 1.0 1.0 1.0     0.045455001294612885 0.7638089656829834
-0.05877856 0.0 0.08090167     1.0 1.0 1.0 1.0     0.9545454978942871 0.7638089656829834
-0.05877856 0.0 0.08090167     1.0 1.0 1.0 1.0     0.9545454978942871 0.7638089656829834
-0.05877856 0.0 0.08090167     1.0 1.0 1.0 1.0     0.9545454978942871 0.7638089656829834
-0.05877856 0.0 -0.08090167     1.0 1.0 1.0 1.0     0.6818184852600098 0.7638089656829834
-0.05877856 0.0 -0.08090167     1.0 1.0 1.0 1.0     0.6818184852600098 0.7638089656829834
-0.05877856 0.0 -0.08090167     1.0 1.0 1.0 1.0     0.6818184852600098 0.7638089656829834
-0.05877856 0.0 -0.08090167     1.0 1.0 1.0 1.0     0.6818184852600098 0.7638089656829834
-0.05877856 0.0 -0.08090167     1.0 1.0 1.0 1.0     0.6818184852600098 0.7638089656829834
-0.05877856 0.0 -0.08090167     1.0 1.0 1.0 1.0     0.6818184852600098 0.7638089656829834
-0.09510578 0.0 -0.030901263     1.0 1.0 1.0 1.0     0.7727274894714355 0.7638089656829834
-0.09510578 0.0 -0.030901263     1.0 1.0 1.0 1.0     0.7727274894714355 0.7638089656829834
-0.09510578 0.0 -0.030901263     1.0 1.0 1.0 1.0     0.7727274894714355 0.7638089656829834
-0.09510578 0.0 -0.030901263     1.0 1.0 1.0 1.0     0.7727274894714355 0.7638089656829834
-0.09510578 0.0 -0.030901263     1.0 1.0 1.0 1.0     0.7727274894714355 0.7638089656829834
-0.09510578 0.0 -0.030901263     1.0 1.0 1.0 1.0     0.7727274894714355 0.7638089656829834
0.05877856 0.0 -0.08090167     1.0 1.0 1.0 1.0     0.5000004768371582 0.7638089656829834
0.05877856 0.0 -0.08090167     1.0 1.0 1.0 1.0     0.5000004768371582 0.7638089656829834
0.05877856 0.0 -0.08090167     1.0 1.0 1.0 1.0     0.5000004768371582 0.7638089656829834
0.05877856 0.0 -0.08090167     1.0 1.0 1.0 1.0     0.5000004768371582 0.7638089656829834
0.05877856 0.0 -0.08090167     1.0 1.0 1.0 1.0     0.5000004768371582 0.7638089656829834
0.05877856 0.0 -0.08090167     1.0 1.0 1.0 1.0     0.5000004768371582 0.7638089656829834
0.0 0.0 -0.099999994     1.0 1.0 1.0 1.0     0.590909481048584 0.7638089656829834
0.0 0.0 -0.099999994     1.0 1.0 1.0 1.0     0.590909481048584 0.7638089656829834
0.0 0.0 -0.099999994     1.0 1.0 1.0 1.0     0.590909481048584 0.7638089656829834
0.0 0.0 -0.099999994     1.0 1.0 1.0 1.0     0.590909481048584 0.7638089656829834
0.0 0.0 -0.099999994     1.0 1.0 1.0 1.0     0.590909481048584 0.7638089656829834
0.0 0.0 -0.099999994     1.0 1.0 1.0 1.0     0.590909481048584 0.7638089656829834
0.06881894 0.05257362 0.04999969     1.0 1.0 1.0 1.0     0.27272799611091614 0.6850789785385132
0.06881894 0.05257362 0.04999969     1.0 1.0 1.0 1.0     0.27272799611091614 0.6850789785385132
0.06881894 0.05257362 0.04999969     1.0 1.0 1.0 1.0     0.27272799611091614 0.6850789785385132
0.06881894 0.05257362 0.04999969     1.0 1.0 1.0 1.0     0.27272799611091614 0.6850789785385132
0.06881894 0.05257362 0.04999969     1.0 1.0 1.0 1.0     0.27272799611091614 0.6850789785385132
0.06881894 0.05257362 0.04999969     1.0 1.0 1.0 1.0     0.27272799611091614 0.6850789785385132
-0.026286881 0.052573763 0.08090116     1.0 1.0 1.0 1.0     0.09090950340032578 0.6850789785385132
-0.026286881 0.052573763 0.08090116     1.0 1.0 1.0 1.0     0.09090950340032578 0.6850789785385132
-0.026286881 0.052573763 0.08090116     1.0 1.0 1.0 1.0     0.09090950340032578 0.6850789785385132
-0.026286881 0.052573763 0.08090116     1.0 1.0 1.0 1.0     0.09090950340032578 0.6850789785385132
-0.026286881 0.052573763 0.08090116     1.0 1.0 1.0 1.0     0.09090950340032578 0.6850789785385132
-0.026286881 0.052573763 0.08090116     1.0 1.0 1.0 1.0     0.09090950340032578 0.6850789785385132
-0.08506478 0.05257359 -0.0     1.0 1.0 1.0 1.0     0.8181819915771484 0.6850789785385132
-0.08506478 0.05257359 -0.0     1.0 1.0 1.0 1.0     0.8181819915771484 0.6850789785385132
-0.08506478 0.05257359 -0.0     1.0 1.0 1.0 1.0     0.8181819915771484 0.6850789785385132
-0.08506478 0.05257359 -0.0     1.0 1.0 1.0 1.0     0.8181819915771484 0.6850789785385132
-0.08506478 0.05257359 -0.0     1.0 1.0 1.0 1.0     0.8181819915771484 0.6850789785385132
-0.08506478 0.05257359 -0.0     1.0 1.0 1.0 1.0     0.8181819915771484 0.6850789785385132
-0.026286881 0.052573763 -0.08090116     1.0 1.0 1.0 1.0     0.6363639831542969 0.6850789785385132
-0.026286881 0.052573763 -0.08090116     1.0 1.0 1.0 1.0     0.6363639831542969 0.6850789785385132
-0.026286881 0.052573763 -0.08090116     1.0 1.0 1.0 1.0     0.6363639831542969 0.6850789785385132
-0.026286881 0.052573763 -0.08090116     1.0 1.0 1.0 1.0     0.6363639831542969 0.6850789785385132
-0.026286881 0.052573763 -0.08090116     1.0 1.0 1.0 1.0     0.6363639831542969 0.6850789785385132
-0.026286881 0.052573763 -0.08090116     1.0 1.0 1.0 1.0     0.6363639831542969 0.6850789785385132
0.06881894 0.05257362 -0.04999969     1.0 1.0 1.0 1.0     0.4545459747314453 0.6850789785385132
0.06881894 0.05257362 -0.04999969     1.0 1.0 1.0 1.0     0.4545459747314453 0.6850789785385132
0.06881894 0.05257362 -0.04999969     1.0 1.0 1.0 1.0     0.4545459747314453 0.6850789785385132
0.06881894 0.05257362 -0.04999969     1.0 1.0 1.0 1.0     0.4545459747314453 0.6850789785385132
0.06881894 0.05257362 -0.04999969     1.0 1.0 1.0 1.0     0.4545459747314453 0.6850789785385132
0.06881894 0.05257362 -0.04999969     1.0 1.0 1.0 1.0     0.4545459747314453 0.6850789785385132
0.016245555 0.08506544 0.049999528     1.0 1.0 1.0 1.0     0.13636450469493866 0.6063485145568848
0.016245555 0.08506544 0.049999528     1.0 1.0 1.0 1.0     0.13636450469493866 0.6063485145568848
0.016245555 0.08506544 0.049999528     1.0 1.0 1.0 1.0     0.13636450469493866 0.6063485145568848
0.016245555 0.08506544 0.049999528     1.0 1.0 1.0 1.0     0.22727349400520325 0.6063485145568848
0.016245555 0.08506544 0.049999528     1.0 1.0 1.0 1.0     0.22727349400520325 0.6063485145568848
0.016245555 0.08506544 0.049999528     1.0 1.0 1.0 1.0     0.22727349400520325 0.6063485145568848
0.052572977 0.08506517 -0.0     1.0 1.0 1.0 1.0     0.31818249821662903 0.6063485145568848
0.052572977 0.08506517 -0.0     1.0 1.0 1.0 1.0     0.31818249821662903 0.6063485145568848
0.052572977 0.08506517 -0.0     1.0 1.0 1.0 1.0     0.31818249821662903 0.6063485145568848
0.052572977 0.08506517 -0.0     1.0 1.0 1.0 1.0     0.4090915024280548 0.6063485145568848
0.052572977 0.08506517 -0.0     1.0 1.0 1.0 1.0     0.4090915024280548 0.6063485145568848
0.052572977 0.08506517 -0.0     1.0 1.0 1.0 1.0     0.4090915024280548 0.6063485145568848
-0.04253227 0.08506542 0.03090114     1.0 1.0 1.0 1.0     0.045455001294612885 0.6063485145568848
-0.04253227 0.08506542 0.03090114     1.0 1.0 1.0 1.0     0.045455001294612885 0.6063485145568848
-0.04253227 0.08506542 0.03090114     1.0 1.0 1.0 1.0     0.045455001294612885 0.6063485145568848
-0.04253227 0.08506542 0.03090114     1.0 1.0 1.0 1.0     0.8636364936828613 0.6063485145568848
-0.04253227 0.08506542 0.03090114     1.0 1.0 1.0 1.0     0.8636364936828613 0.6063485145568848
-0.04253227 0.08506542 0.03090114     1.0 1.0 1.0 1.0     0.8636364936828613 0.6063485145568848
-0.04253227 0.08506542 -0.03090114     1.0 1.0 1.0 1.0     0.6818184852600098 0.6063485145568848
-0.04253227 0.08506542 -0.03090114     1.0 1.0 1.0 1.0     0.6818184852600098 0.6063485145568848
-0.04253227 0.08506542 -0.03090114     1.0 1.0 1.0 1.0     0.6818184852600098 0.6063485145568848
-0.04253227 0.08506542 -0.03090114     1.0 1.0 1.0 1.0     0.7727274894714355 0.6063485145568848
-0.04253227 0.08506542 -0.03090114     1.0 1.0 1.0 1.0     0.7727274894714355 0.6063485145568848
-0.04253227 0.08506542 -0.03090114     1.0 1.0 1.0 1.0     0.7727274894714355 0.6063485145568848
0.016245555 0.08506544 -0.049999528     1.0 1.0 1.0 1.0     0.5000004768371582 0.6063485145568848
0.016245555 0.08506544 -0.049999528     1.0 1.0 1.0 1.0     0.5000004768371582 0.6063485145568848
0.016245555 0.08506544 -0.049999528     1.0 1.0 1.0 1.0     0.5000004768371582 0.6063485145568848
0.016245555 0.08506544 -0.049999528     1.0 1.0 1.0 1.0     0.590909481048584 0.6063485145568848
0.016245555 0.08506544 -0.049999528     1.0 1.0 1.0 1.0     0.590909481048584 0.6063485145568848
0.016245555 0.08506544 -0.049999528     1.0 1.0 1.0 1.0     0.590909481048584 0.6063485145568848
80
0 66 61
7 71 80
4 65 95
3 92 107
2 103 87
9 81 123
12 73 135
17 96 147
20 111 158
26 119 170
8 121 143
10 132 151
15 144 162
22 160 174
28 173 127
33 180 214
36 187 222
42 195 231
46 203 239
50 207 221
219 234 57
220 205 236
204 48 235
238 230 58
237 201 229
199 44 228
233 227 59
232 197 226
196 39 225
224 211 55
223 189 210
191 31 212
213 216 56
215 181 217
183 51 218
128 209 52
126 172 208
171 49 206
176 202 45
175 161 200
159 43 198
164 193 40
163 145 192
146 37 194
150 186 35
152 133 188
134 30 190
141 182 34
142 120 184
122 53 185
169 179 47
168 117 178
115 24 177
156 166 41
157 109 167
108 16 165
148 153 38
149 97 154
99 13 155
137 139 32
136 75 138
77 6 140
125 131 54
124 83 130
82 29 129
89 118 25
88 104 116
102 23 114
106 113 21
105 91 112
90 18 110
93 98 19
94 63 100
64 14 101
79 86 27
78 70 85
69 1 84
60 72 11
62 67 74
68 5 76
